1,1090,0,0.015625,1,1,0
5,1091,0.5,0.51562,1,1,0
2,1092,0,0.015625,2,1,0
6,1093,0.5,0.51562,2,1,0
3,1094,0,0.015625,3,1,0
7,1095,0.5,0.51562,3,1,0
4,1096,0,0.015625,4,1,0
8,1097,0.5,0.51562,4,1,0
10,1098,0.25,0.26562,1,1,0
11,1099,0.75,0.76562,1,1,0
12,1100,0.25,0.26562,2,1,0
13,1101,0.75,0.76562,2,1,0
14,1102,0.25,0.26562,3,1,0
15,1103,0.75,0.76562,3,1,0
16,1104,0.25,0.26562,4,1,0
17,1105,0.75,0.76562,4,1,0
26,1106,0.125,0.14062,1,1,0
27,1107,0.625,0.64062,1,1,0
28,1108,0.125,0.14062,2,1,0
29,1109,0.625,0.64062,2,1,0
30,1110,0.125,0.14062,3,1,0
31,1111,0.625,0.64062,3,1,0
32,1112,0.125,0.14062,4,1,0
33,1113,0.625,0.64062,4,1,0
34,1114,0.375,0.39062,1,1,0
35,1115,0.875,0.89062,1,1,0
36,1116,0.375,0.39062,2,1,0
37,1117,0.875,0.89062,2,1,0
38,1118,0.375,0.39062,3,1,0
39,1119,0.875,0.89062,3,1,0
40,1120,0.375,0.39062,4,1,0
41,1121,0.875,0.89062,4,1,0
82,1122,0.0625,0.078125,1,1,0
83,1123,0.5625,0.57812,1,1,0
84,1124,0.0625,0.078125,2,1,0
85,1125,0.5625,0.57812,2,1,0
86,1126,0.0625,0.078125,3,1,0
87,1127,0.5625,0.57812,3,1,0
88,1128,0.0625,0.078125,4,1,0
89,1129,0.5625,0.57812,4,1,0
90,1130,0.3125,0.32812,1,1,0
91,1131,0.8125,0.82812,1,1,0
92,1132,0.3125,0.32812,2,1,0
93,1133,0.8125,0.82812,2,1,0
94,1134,0.3125,0.32812,3,1,0
95,1135,0.8125,0.82812,3,1,0
96,1136,0.3125,0.32812,4,1,0
97,1137,0.8125,0.82812,4,1,0
98,1138,0.1875,0.20312,1,1,0
99,1139,0.6875,0.70312,1,1,0
100,1140,0.1875,0.20312,2,1,0
101,1141,0.6875,0.70312,2,1,0
102,1142,0.1875,0.20312,3,1,0
103,1143,0.6875,0.70312,3,1,0
104,1144,0.1875,0.20312,4,1,0
105,1145,0.6875,0.70312,4,1,0
106,1146,0.4375,0.45312,1,1,0
107,1147,0.9375,0.95312,1,1,0
108,1148,0.4375,0.45312,2,1,0
109,1149,0.9375,0.95312,2,1,0
110,1150,0.4375,0.45312,3,1,0
111,1151,0.9375,0.95312,3,1,0
112,1152,0.4375,0.45312,4,1,0
113,1153,0.9375,0.95312,4,1,0
290,1154,0.03125,0.046875,1,1,0
291,1155,0.53125,0.54688,1,1,0
292,1156,0.03125,0.046875,2,1,0
293,1157,0.53125,0.54688,2,1,0
294,1158,0.03125,0.046875,3,1,0
295,1159,0.53125,0.54688,3,1,0
296,1160,0.03125,0.046875,4,1,0
297,1161,0.53125,0.54688,4,1,0
298,1162,0.28125,0.29688,1,1,0
299,1163,0.78125,0.79688,1,1,0
300,1164,0.28125,0.29688,2,1,0
301,1165,0.78125,0.79688,2,1,0
302,1166,0.28125,0.29688,3,1,0
303,1167,0.78125,0.79688,3,1,0
304,1168,0.28125,0.29688,4,1,0
305,1169,0.78125,0.79688,4,1,0
306,1170,0.15625,0.17188,1,1,0
307,1171,0.65625,0.67188,1,1,0
308,1172,0.15625,0.17188,2,1,0
309,1173,0.65625,0.67188,2,1,0
310,1174,0.15625,0.17188,3,1,0
311,1175,0.65625,0.67188,3,1,0
312,1176,0.15625,0.17188,4,1,0
313,1177,0.65625,0.67188,4,1,0
314,1178,0.40625,0.42188,1,1,0
315,1179,0.90625,0.92188,1,1,0
316,1180,0.40625,0.42188,2,1,0
317,1181,0.90625,0.92188,2,1,0
318,1182,0.40625,0.42188,3,1,0
319,1183,0.90625,0.92188,3,1,0
320,1184,0.40625,0.42188,4,1,0
321,1185,0.90625,0.92188,4,1,0
322,1186,0.09375,0.10938,1,1,0
323,1187,0.59375,0.60938,1,1,0
324,1188,0.09375,0.10938,2,1,0
325,1189,0.59375,0.60938,2,1,0
326,1190,0.09375,0.10938,3,1,0
327,1191,0.59375,0.60938,3,1,0
328,1192,0.09375,0.10938,4,1,0
329,1193,0.59375,0.60938,4,1,0
330,1194,0.34375,0.35938,1,1,0
331,1195,0.84375,0.85938,1,1,0
332,1196,0.34375,0.35938,2,1,0
333,1197,0.84375,0.85938,2,1,0
334,1198,0.34375,0.35938,3,1,0
335,1199,0.84375,0.85938,3,1,0
336,1200,0.34375,0.35938,4,1,0
337,1201,0.84375,0.85938,4,1,0
338,1202,0.21875,0.23438,1,1,0
339,1203,0.71875,0.73438,1,1,0
340,1204,0.21875,0.23438,2,1,0
341,1205,0.71875,0.73438,2,1,0
342,1206,0.21875,0.23438,3,1,0
343,1207,0.71875,0.73438,3,1,0
344,1208,0.21875,0.23438,4,1,0
345,1209,0.71875,0.73438,4,1,0
346,1210,0.46875,0.48438,1,1,0
347,1211,0.96875,0.98438,1,1,0
348,1212,0.46875,0.48438,2,1,0
349,1213,0.96875,0.98438,2,1,0
350,1214,0.46875,0.48438,3,1,0
351,1215,0.96875,0.98438,3,1,0
352,1216,0.46875,0.48438,4,1,0
353,1217,0.96875,0.98438,4,1,0
1090,290,0.015625,0.03125,1,1,0
1091,291,0.51562,0.53125,1,1,0
1092,292,0.015625,0.03125,2,1,0
1093,293,0.51562,0.53125,2,1,0
1094,294,0.015625,0.03125,3,1,0
1095,295,0.51562,0.53125,3,1,0
1096,296,0.015625,0.03125,4,1,0
1097,297,0.51562,0.53125,4,1,0
1098,298,0.26562,0.28125,1,1,0
1099,299,0.76562,0.78125,1,1,0
1100,300,0.26562,0.28125,2,1,0
1101,301,0.76562,0.78125,2,1,0
1102,302,0.26562,0.28125,3,1,0
1103,303,0.76562,0.78125,3,1,0
1104,304,0.26562,0.28125,4,1,0
1105,305,0.76562,0.78125,4,1,0
1106,306,0.14062,0.15625,1,1,0
1107,307,0.64062,0.65625,1,1,0
1108,308,0.14062,0.15625,2,1,0
1109,309,0.64062,0.65625,2,1,0
1110,310,0.14062,0.15625,3,1,0
1111,311,0.64062,0.65625,3,1,0
1112,312,0.14062,0.15625,4,1,0
1113,313,0.64062,0.65625,4,1,0
1114,314,0.39062,0.40625,1,1,0
1115,315,0.89062,0.90625,1,1,0
1116,316,0.39062,0.40625,2,1,0
1117,317,0.89062,0.90625,2,1,0
1118,318,0.39062,0.40625,3,1,0
1119,319,0.89062,0.90625,3,1,0
1120,320,0.39062,0.40625,4,1,0
1121,321,0.89062,0.90625,4,1,0
1122,322,0.078125,0.09375,1,1,0
1123,323,0.57812,0.59375,1,1,0
1124,324,0.078125,0.09375,2,1,0
1125,325,0.57812,0.59375,2,1,0
1126,326,0.078125,0.09375,3,1,0
1127,327,0.57812,0.59375,3,1,0
1128,328,0.078125,0.09375,4,1,0
1129,329,0.57812,0.59375,4,1,0
1130,330,0.32812,0.34375,1,1,0
1131,331,0.82812,0.84375,1,1,0
1132,332,0.32812,0.34375,2,1,0
1133,333,0.82812,0.84375,2,1,0
1134,334,0.32812,0.34375,3,1,0
1135,335,0.82812,0.84375,3,1,0
1136,336,0.32812,0.34375,4,1,0
1137,337,0.82812,0.84375,4,1,0
1138,338,0.20312,0.21875,1,1,0
1139,339,0.70312,0.71875,1,1,0
1140,340,0.20312,0.21875,2,1,0
1141,341,0.70312,0.71875,2,1,0
1142,342,0.20312,0.21875,3,1,0
1143,343,0.70312,0.71875,3,1,0
1144,344,0.20312,0.21875,4,1,0
1145,345,0.70312,0.71875,4,1,0
1146,346,0.45312,0.46875,1,1,0
1147,347,0.95312,0.96875,1,1,0
1148,348,0.45312,0.46875,2,1,0
1149,349,0.95312,0.96875,2,1,0
1150,350,0.45312,0.46875,3,1,0
1151,351,0.95312,0.96875,3,1,0
1152,352,0.45312,0.46875,4,1,0
1153,353,0.95312,0.96875,4,1,0
1154,82,0.046875,0.0625,1,1,0
1155,83,0.54688,0.5625,1,1,0
1156,84,0.046875,0.0625,2,1,0
1157,85,0.54688,0.5625,2,1,0
1158,86,0.046875,0.0625,3,1,0
1159,87,0.54688,0.5625,3,1,0
1160,88,0.046875,0.0625,4,1,0
1161,89,0.54688,0.5625,4,1,0
1162,90,0.29688,0.3125,1,1,0
1163,91,0.79688,0.8125,1,1,0
1164,92,0.29688,0.3125,2,1,0
1165,93,0.79688,0.8125,2,1,0
1166,94,0.29688,0.3125,3,1,0
1167,95,0.79688,0.8125,3,1,0
1168,96,0.29688,0.3125,4,1,0
1169,97,0.79688,0.8125,4,1,0
1170,98,0.17188,0.1875,1,1,0
1171,99,0.67188,0.6875,1,1,0
1172,100,0.17188,0.1875,2,1,0
1173,101,0.67188,0.6875,2,1,0
1174,102,0.17188,0.1875,3,1,0
1175,103,0.67188,0.6875,3,1,0
1176,104,0.17188,0.1875,4,1,0
1177,105,0.67188,0.6875,4,1,0
1178,106,0.42188,0.4375,1,1,0
1179,107,0.92188,0.9375,1,1,0
1180,108,0.42188,0.4375,2,1,0
1181,109,0.92188,0.9375,2,1,0
1182,110,0.42188,0.4375,3,1,0
1183,111,0.92188,0.9375,3,1,0
1184,112,0.42188,0.4375,4,1,0
1185,113,0.92188,0.9375,4,1,0
1186,26,0.10938,0.125,1,1,0
1187,27,0.60938,0.625,1,1,0
1188,28,0.10938,0.125,2,1,0
1189,29,0.60938,0.625,2,1,0
1190,30,0.10938,0.125,3,1,0
1191,31,0.60938,0.625,3,1,0
1192,32,0.10938,0.125,4,1,0
1193,33,0.60938,0.625,4,1,0
1194,34,0.35938,0.375,1,1,0
1195,35,0.85938,0.875,1,1,0
1196,36,0.35938,0.375,2,1,0
1197,37,0.85938,0.875,2,1,0
1198,38,0.35938,0.375,3,1,0
1199,39,0.85938,0.875,3,1,0
1200,40,0.35938,0.375,4,1,0
1201,41,0.85938,0.875,4,1,0
1202,10,0.23438,0.25,1,1,0
1203,11,0.73438,0.75,1,1,0
1204,12,0.23438,0.25,2,1,0
1205,13,0.73438,0.75,2,1,0
1206,14,0.23438,0.25,3,1,0
1207,15,0.73438,0.75,3,1,0
1208,16,0.23438,0.25,4,1,0
1209,17,0.73438,0.75,4,1,0
1210,5,0.48438,0.5,1,1,0
1211,2,0.98438,1,1,1,0
1212,6,0.48438,0.5,2,1,0
1213,3,0.98438,1,2,1,0
1214,7,0.48438,0.5,3,1,0
1215,4,0.98438,1,3,1,0
1216,8,0.48438,0.5,4,1,0
1217,1,0.98438,1,4,1,0
